2//i//0//1
2//i//0//1
3//arr//4,3,5,2,1//4,5,3,2,1
2//i//0//1
3//arr//4,3,5,2,1//4,5,3,2,1
4//arr//4,5,3,2,1//3,4,5,2,1
2//i//0//1
3//arr//4,3,5,2,1//4,5,3,2,1
4//arr//4,5,3,2,1//3,4,5,2,1
5//arr//3,4,2,5,1//1,2,3,4,5
5//i//1//2
2//i//0//1
3//arr//4,3,5,2,1//4,5,3,2,1
4//arr//4,5,3,2,1//3,4,5,2,1
5//arr//3,4,2,5,1//1,2,3,4,5
5//i//1//2
2//i//0//1
3//arr//4,3,5,2,1//4,5,3,2,1
4//arr//4,5,3,2,1//3,4,5,2,1
5//arr//3,4,2,5,1//1,2,3,4,5
5//i//1//2
2//i//0//1
3//arr//4,3,5,2,1//4,5,3,2,1
4//arr//4,5,3,2,1//3,4,5,2,1
5//arr//3,4,2,5,1//1,2,3,4,5
5//i//1//2
2//i//0//1
3//arr//4,3,5,2,1//4,5,3,2,1
4//arr//4,5,3,2,1//3,4,5,2,1
5//arr//3,4,2,5,1//1,2,3,4,5
5//i//1//2
